<?xml version="1.0" encoding="UTF-8" standalone="no" ?>
<SimscapeMultibodyImportXML version="2.0" xmlns="urn:mathworks:SimscapeMultibody:import" xmlns:xsi="http://www.w3.org/2001/XMLSchema-instance">
<Created by="" on="03/14/23||17:27:59" using="Simscape Multibody Link Version 7.4" from="SolidWorks 29.0.0"/>
<ModelUnits mass="kilogram" length="millimeter"/>
<DataUnits mass="kilogram" length="meter"/>
<RootAssembly name="Steering (2)" uid="Steering (2)" version="1134">
<AssemblyFile name="Steering (2).SLDASM" type="SolidWorks Assembly"/>
<InstanceTree>
<Instance name="Rack Rods-2" uid="Rack Rods-2" entityUid="Rack Rods*:*Default">
<Transform>
<Rotation>0.00019290850550547688 -0.15201556963546772 0.98837808017717221 0.00021955265319176817 0.98837808118459669 0.1520155269388207 -0.99999995729146951 0.0001876759417440889 0.00022404196015561638</Rotation>
<Translation>0.29062432063271776 -0.25587515408073264 -0.28001291672293627</Translation>
</Transform>
<VisualProperties>
<Ambient r="1" g="1" b="1" a="1"/>
<Diffuse r="1" g="1" b="1" a="1"/>
<Specular r="0.5" g="0.5" b="0.5" a="1"/>
<Emissive r="0" g="0" b="0" a="1"/>
<Shininess>0.3125</Shininess>
</VisualProperties>
</Instance>
<Instance name="Tie Rod End Housing-2" uid="Tie Rod End Housing-2" entityUid="Tie Rod End Housing*:*Default">
<Transform>
<Rotation>0.65519959320344034 -0.63318492742636545 0.41205623493173177 -0.52271926478875064 0.013816444281121476 0.85239291179956134 -0.54541549600717665 -0.77387722123570424 -0.32192543106711918</Rotation>
<Translation>0.12663344289815021 -0.12541269503157218 0.84634091499443165</Translation>
</Transform>
<VisualProperties>
<Ambient r="1" g="1" b="1" a="1"/>
<Diffuse r="1" g="1" b="1" a="1"/>
<Specular r="0.5" g="0.5" b="0.5" a="1"/>
<Emissive r="0" g="0" b="0" a="1"/>
<Shininess>0.3125</Shininess>
</VisualProperties>
</Instance>
<Instance name="Tie Rod End Shaft-2" uid="Tie Rod End Shaft-2" entityUid="Tie Rod End Shaft*:*Default">
<Transform>
<Rotation>0.48926418010073619 1.2353418756282464e-15 -0.8721356328406461 0.8721356328406461 -4.4739082096816781e-16 0.48926418010073619 2.1422305315119043e-16 -0.99999999999999989 -1.2962779716811774e-15</Rotation>
<Translation>0.12925000000423545 -0.11999999997880668 -0.54431203449532473</Translation>
</Transform>
<VisualProperties>
<Ambient r="1" g="1" b="1" a="1"/>
<Diffuse r="1" g="1" b="1" a="1"/>
<Specular r="0.5" g="0.5" b="0.5" a="1"/>
<Emissive r="0" g="0" b="0" a="1"/>
<Shininess>0.3125</Shininess>
</VisualProperties>
</Instance>
<Instance name="extention rod-2" uid="extention rod-2" entityUid="extention rod*:*Default">
<Transform>
<Rotation>0.43990348731485684 -0.89804503485879594 -0.00019290850550534428 0.89804501129269754 0.43990352293307639 -0.00021955265319282516 0.00028202930126544168 -7.6658543216197403e-05 0.99999995729146951</Rotation>
<Translation>0.29062432063271815 -0.2558751540807333 -0.28001291672293527</Translation>
</Transform>
<VisualProperties>
<Ambient r="0.10196078431372549" g="0.10196078431372549" b="0.10196078431372549" a="1"/>
<Diffuse r="0.10196078431372549" g="0.10196078431372549" b="0.10196078431372549" a="1"/>
<Specular r="0.040784313725490198" g="0.040784313725490198" b="0.040784313725490198" a="1"/>
<Emissive r="0" g="0" b="0" a="1"/>
<Shininess>0.3125</Shininess>
</VisualProperties>
</Instance>
<Instance name="Tie rod-2" uid="Tie rod-2" entityUid="Tie rod*:*Default">
<Transform>
<Rotation>-0.63190249369776774 -0.68175112890648726 -0.3686660232422741 0.56402660799192117 -0.73074317653331855 0.38456260274124804 -0.53157616945802844 0.035068621083887946 0.84628421223582095</Rotation>
<Translation>0.29064939873950035 -0.2558466122370523 -0.41001291117039657</Translation>
</Transform>
<VisualProperties>
<Ambient r="0.10196078431372549" g="0.10196078431372549" b="0.10196078431372549" a="1"/>
<Diffuse r="0.10196078431372549" g="0.10196078431372549" b="0.10196078431372549" a="1"/>
<Specular r="0.040784313725490198" g="0.040784313725490198" b="0.040784313725490198" a="1"/>
<Emissive r="0" g="0" b="0" a="1"/>
<Shininess>0.3125</Shininess>
</VisualProperties>
</Instance>
<Instance name="Tie Rod End Housing-1" uid="Tie Rod End Housing-1" entityUid="Tie Rod End Housing*:*Default">
<Transform>
<Rotation>0.63190249369776641 -0.55676491451316257 -0.53917721430499566 -0.56402660799192239 0.14679105544537907 -0.81260468342137793 0.53157616945802877 0.81759722113543321 -0.22127259219330947</Rotation>
<Translation>0.13267377531505745 -0.11483996023907111 -0.54290695353490526</Translation>
</Transform>
<VisualProperties>
<Ambient r="1" g="1" b="1" a="1"/>
<Diffuse r="1" g="1" b="1" a="1"/>
<Specular r="0.5" g="0.5" b="0.5" a="1"/>
<Emissive r="0" g="0" b="0" a="1"/>
<Shininess>0.3125</Shininess>
</VisualProperties>
</Instance>
<Instance name="Rack Rods-1" uid="Rack Rods-1" entityUid="Rack Rods*:*Default">
<Transform>
<Rotation>-0.00019290850550824083 0.87470539694386396 -0.48465496112552664 -0.000219552653193718 0.48465492141552458 0.87470541266436919 0.99999995729146962 0.00027514539651566283 9.8549834084409363e-05</Rotation>
<Translation>0.29045841932033351 -0.25606396936543518 0.57998704654773525</Translation>
</Transform>
</Instance>
<Instance name="Tie rod-1" uid="Tie rod-1" entityUid="Tie rod*:*Default">
<Transform>
<Rotation>-0.65519959320344112 -0.38806087739903056 -0.64816837974274855 0.5227192647887493 0.38656151804135186 -0.75982548192876176 0.54541549600717665 -0.83664744558377779 -0.050428052841500176</Rotation>
<Translation>0.29043334121441489 -0.25609251120907467 0.70998704099321253</Translation>
</Transform>
<VisualProperties>
<Ambient r="0.10196078431372549" g="0.10196078431372549" b="0.10196078431372549" a="1"/>
<Diffuse r="0.10196078431372549" g="0.10196078431372549" b="0.10196078431372549" a="1"/>
<Specular r="0.040784313725490198" g="0.040784313725490198" b="0.040784313725490198" a="1"/>
<Emissive r="0" g="0" b="0" a="1"/>
<Shininess>0.3125</Shininess>
</VisualProperties>
</Instance>
<Instance name="Tie Rod End Shaft-1" uid="Tie Rod End Shaft-1" entityUid="Tie Rod End Shaft*:*Default">
<Transform>
<Rotation>-0.90011298519721905 0 0.43565653200583487 0.43565653200583487 0 0.90011298519721905 0 1 0</Rotation>
<Translation>0.12925000000422107 -0.12000000002120391 0.84429668851019446</Translation>
</Transform>
<VisualProperties>
<Ambient r="1" g="1" b="1" a="1"/>
<Diffuse r="1" g="1" b="1" a="1"/>
<Specular r="0.5" g="0.5" b="0.5" a="1"/>
<Emissive r="0" g="0" b="0" a="1"/>
<Shininess>0.3125</Shininess>
</VisualProperties>
</Instance>
<Instance name="extention rod-1" uid="extention rod-1" entityUid="extention rod*:*Default">
<Transform>
<Rotation>-0.097583038336822983 -0.99522736769808662 -0.00019290850550811116 0.99522736636246301 -0.097582995649182089 -0.00021955265319313036 0.0001996802192548372 -0.00021341243885925239 0.99999995729146962</Rotation>
<Translation>0.29048349742573165 -0.2560354275200421 0.44998705209984446</Translation>
</Transform>
<VisualProperties>
<Ambient r="0.10196078431372549" g="0.10196078431372549" b="0.10196078431372549" a="1"/>
<Diffuse r="0.10196078431372549" g="0.10196078431372549" b="0.10196078431372549" a="1"/>
<Specular r="0.040784313725490198" g="0.040784313725490198" b="0.040784313725490198" a="1"/>
<Emissive r="0" g="0" b="0" a="1"/>
<Shininess>0.3125</Shininess>
</VisualProperties>
</Instance>
<Instance name="Rack-1" uid="Rack-1" entityUid="Rack*:*Default">
<Transform>
<Rotation>-0.87235621402329289 0.48887073817242843 -0.00019290850550468942 -0.48887069853875742 -0.87235622993525996 -0.00021955265319207993 -0.0002756178042183393 -9.7220805477278281e-05 0.99999995729146951</Rotation>
<Translation>0.29059924252744435 -0.25590369592671747 -0.15001292227463131</Translation>
</Transform>
<VisualProperties>
<Ambient r="1" g="1" b="1" a="1"/>
<Diffuse r="1" g="1" b="1" a="1"/>
<Specular r="0.5" g="0.5" b="0.5" a="1"/>
<Emissive r="0" g="0" b="0" a="1"/>
<Shininess>0.3125</Shininess>
</VisualProperties>
</Instance>
<Instance name="Innova Crysta Assembly Final-1" uid="Innova Crysta Assembly Final-1" entityUid="Innova Crysta Assembly Final" rigid="true">
<Transform>
<Rotation>0 -1 2.1306714045638803e-16 1 0 0 0 2.1306714045638803e-16 1</Rotation>
<Translation>0.51901561667016183 -0.42169010320909411 0.42852810977142786</Translation>
</Transform>
<Instance name="Innova Crysta Rim Design attempt 1-1" uid="Innova Crysta Rim Design attempt 1-1" entityUid="Innova Crysta Rim Design attempt 1*:*Default">
<Transform>
<Rotation>0 0.44546265882237662 0.89530051915259123 0 0.89530051915259123 -0.44546265882237662 -1 0 0</Rotation>
<Translation>0.30169044044954485 0.38976472891012459 0.5172235939728308</Translation>
</Transform>
</Instance>
<Instance name="Innova Crysta Tire Design Attempt 2-1" uid="Innova Crysta Tire Design Attempt 2-1" grounded="true" entityUid="Innova Crysta Tire Design Attempt 2*:*Default">
<Transform>
<Rotation>1 0 0 0 1 0 0 0 1</Rotation>
<Translation>0.30169010320909406 0.16901561667015852 0.53061085090844151</Translation>
</Transform>
</Instance>
</Instance>
<Instance name="Innova Crysta Assembly Final-3" uid="Innova Crysta Assembly Final-3" entityUid="Innova Crysta Assembly Final" rigid="true">
<Transform>
<Rotation>-3.3306690738754731e-16 -0.99999999999999989 -1.1023420515409656e-16 -1 3.3306690738754716e-16 5.127056301143585e-16 -5.127056301143586e-16 1.1023420515409673e-16 -0.99999999999999989</Rotation>
<Translation>0.51901561667015694 0.18169010320909157 -0.12854345575656689</Translation>
</Transform>
<Instance name="Innova Crysta Rim Design attempt 1-1" uid="Innova Crysta Rim Design attempt 1-1" entityUid="Innova Crysta Rim Design attempt 1*:*Default">
<Transform>
<Rotation>0 0.44546265882237662 0.89530051915259101 0 0.89530051915259101 -0.44546265882237662 -1 0 0</Rotation>
<Translation>0.30169044044954485 0.38976472891012448 0.51722359397283058</Translation>
</Transform>
</Instance>
<Instance name="Innova Crysta Tire Design Attempt 2-1" uid="Innova Crysta Tire Design Attempt 2-1" grounded="true" entityUid="Innova Crysta Tire Design Attempt 2*:*Default">
<Transform>
<Rotation>1 0 0 0 1 0 0 0 1</Rotation>
<Translation>0.30169010320909406 0.16901561667015841 0.53061085090844129</Translation>
</Transform>
</Instance>
</Instance>
</InstanceTree>
<Constraints>
<Concentric name="Concentric4">
<ConstraintGeometry geomType="cylinder">
<InstancePath>
<Uid>Tie rod-2</Uid>
</InstancePath>
<Position>0.13000000000000009 0 0</Position>
<Axis>-1.0000000000000002 0 -1.6653345369377348e-16</Axis>
</ConstraintGeometry>
<ConstraintGeometry geomType="cylinder">
<InstancePath>
<Uid>Tie Rod End Housing-1</Uid>
</InstancePath>
<Position>0.018399999999999972 1.1102230246251565e-16 0</Position>
<Axis>1.0000000000000002 0 0</Axis>
</ConstraintGeometry>
</Concentric>
<Coincident name="Coincident6">
<ConstraintGeometry geomType="plane">
<InstancePath>
<Uid>Tie rod-2</Uid>
</InstancePath>
<Position>0.13000000000000009 0 0</Position>
<Axis>1.0000000000000002 0 1.6653345369377348e-16</Axis>
</ConstraintGeometry>
<ConstraintGeometry geomType="plane">
<InstancePath>
<Uid>Tie Rod End Housing-1</Uid>
</InstancePath>
<Position>0.12 1.1102230246251565e-16 0</Position>
<Axis>1.0000000000000002 0 0</Axis>
</ConstraintGeometry>
</Coincident>
<Coincident name="Coincident7">
<ConstraintGeometry geomType="plane">
<InstancePath>
<Uid>Tie rod-1</Uid>
</InstancePath>
<Position>0.12999999999999998 0 0</Position>
<Axis>1 0 0</Axis>
</ConstraintGeometry>
<ConstraintGeometry geomType="plane">
<InstancePath>
<Uid>Tie Rod End Housing-2</Uid>
</InstancePath>
<Position>0.12000000000000011 0 0</Position>
<Axis>1.0000000000000002 1.1102230246251565e-16 -2.2204460492503131e-16</Axis>
</ConstraintGeometry>
</Coincident>
<Concentric name="Concentric5">
<ConstraintGeometry geomType="cylinder">
<InstancePath>
<Uid>Tie rod-1</Uid>
</InstancePath>
<Position>0.12999999999999998 0 0</Position>
<Axis>-1 0 0</Axis>
</ConstraintGeometry>
<ConstraintGeometry geomType="cylinder">
<InstancePath>
<Uid>Tie Rod End Housing-2</Uid>
</InstancePath>
<Position>0.018400000000000083 0 0</Position>
<Axis>1.0000000000000002 1.1102230246251565e-16 -2.2204460492503131e-16</Axis>
</ConstraintGeometry>
</Concentric>
<Concentric name="Concentric6">
<ConstraintGeometry geomType="sphere">
<InstancePath>
<Uid>Tie Rod End Housing-2</Uid>
</InstancePath>
<Position>0 0 0.0063500000000000223</Position>
</ConstraintGeometry>
<ConstraintGeometry geomType="sphere">
<InstancePath>
<Uid>Tie Rod End Shaft-1</Uid>
</InstancePath>
<Position>0 0 0</Position>
</ConstraintGeometry>
</Concentric>
<Concentric name="Concentric7">
<ConstraintGeometry geomType="sphere">
<InstancePath>
<Uid>Tie Rod End Housing-1</Uid>
</InstancePath>
<Position>0 1.1102230246251565e-16 0.0063499999999999668</Position>
</ConstraintGeometry>
<ConstraintGeometry geomType="sphere">
<InstancePath>
<Uid>Tie Rod End Shaft-2</Uid>
</InstancePath>
<Position>0 0 0</Position>
</ConstraintGeometry>
</Concentric>
<Coincident name="Coincident8">
<ConstraintGeometry geomType="circle">
<InstancePath>
<Uid>Rack-1</Uid>
</InstancePath>
<Position>0 0 0</Position>
<Axis>0 0 1.0000000000000004</Axis>
</ConstraintGeometry>
<ConstraintGeometry geomType="circle">
<InstancePath>
<Uid>extention rod-2</Uid>
</InstancePath>
<Position>0 0 0.12999999999999998</Position>
<Axis>0 0 1</Axis>
</ConstraintGeometry>
</Coincident>
<Coincident name="Coincident9">
<ConstraintGeometry geomType="circle">
<InstancePath>
<Uid>Rack Rods-2</Uid>
</InstancePath>
<Position>0 0 0</Position>
<Axis>-1 0 0</Axis>
</ConstraintGeometry>
<ConstraintGeometry geomType="circle">
<InstancePath>
<Uid>extention rod-2</Uid>
</InstancePath>
<Position>0 0 0</Position>
<Axis>0 0 1</Axis>
</ConstraintGeometry>
</Coincident>
<Coincident name="Coincident10">
<ConstraintGeometry geomType="circle">
<InstancePath>
<Uid>Rack-1</Uid>
</InstancePath>
<Position>0 0 0.60000000000000009</Position>
<Axis>0 0 1.0000000000000004</Axis>
</ConstraintGeometry>
<ConstraintGeometry geomType="circle">
<InstancePath>
<Uid>extention rod-1</Uid>
</InstancePath>
<Position>0 0 0</Position>
<Axis>0 0 1</Axis>
</ConstraintGeometry>
</Coincident>
<Coincident name="Coincident11">
<ConstraintGeometry geomType="circle">
<InstancePath>
<Uid>Rack Rods-1</Uid>
</InstancePath>
<Position>0 0 0</Position>
<Axis>-1 0 0</Axis>
</ConstraintGeometry>
<ConstraintGeometry geomType="circle">
<InstancePath>
<Uid>extention rod-1</Uid>
</InstancePath>
<Position>0 0 0.13</Position>
<Axis>0 0 1</Axis>
</ConstraintGeometry>
</Coincident>
<Concentric name="Concentric8">
<ConstraintGeometry geomType="sphere">
<InstancePath>
<Uid>Rack Rods-2</Uid>
</InstancePath>
<Position>0.12999999999999989 0 0</Position>
</ConstraintGeometry>
<ConstraintGeometry geomType="sphere">
<InstancePath>
<Uid>Tie rod-2</Uid>
</InstancePath>
<Position>0 0 0</Position>
</ConstraintGeometry>
</Concentric>
<Concentric name="Concentric9">
<ConstraintGeometry geomType="sphere">
<InstancePath>
<Uid>Rack Rods-1</Uid>
</InstancePath>
<Position>0.13000000000000012 0 0</Position>
</ConstraintGeometry>
<ConstraintGeometry geomType="sphere">
<InstancePath>
<Uid>Tie rod-1</Uid>
</InstancePath>
<Position>0 0 0</Position>
</ConstraintGeometry>
</Concentric>
<Concentric name="Concentric34">
<ConstraintGeometry geomType="cone">
<InstancePath>
<Uid>Tie Rod End Shaft-1</Uid>
</InstancePath>
<Position>0 0 0</Position>
<Axis>0 1 0</Axis>
</ConstraintGeometry>
<ConstraintGeometry geomType="cylinder">
<InstancePath>
<Uid>Innova Crysta Assembly Final-1</Uid>
<Uid>Innova Crysta Rim Design attempt 1-1</Uid>
</InstancePath>
<Position>-0.20124298476593527 6.445707653457422e-07 -6.9741259926814347e-07</Position>
<Axis>1 0 0</Axis>
</ConstraintGeometry>
</Concentric>
<Coincident name="Coincident61">
<ConstraintGeometry geomType="plane">
<InstancePath>
<Uid>Tie Rod End Shaft-1</Uid>
</InstancePath>
<Position>0 0.10033000000000003 0</Position>
<Axis>0 1 0</Axis>
</ConstraintGeometry>
<ConstraintGeometry geomType="plane">
<InstancePath>
<Uid>Innova Crysta Assembly Final-1</Uid>
<Uid>Innova Crysta Rim Design attempt 1-1</Uid>
</InstancePath>
<Position>0.001125015234064719 -0.060959355429234696 -6.9741259926814347e-07</Position>
<Axis>-1 0 0</Axis>
</ConstraintGeometry>
</Coincident>
<Distance name="Distance1">
<ConstraintGeometry geomType="plane">
<InstancePath>
<Uid>Innova Crysta Assembly Final-1</Uid>
<Uid>Innova Crysta Tire Design Attempt 2-1</Uid>
</InstancePath>
<Position>0 0 0</Position>
<Axis>1 0 0</Axis>
</ConstraintGeometry>
<ConstraintGeometry geomType="plane">
<InstancePath>
<Uid>Steering (2)</Uid>
</InstancePath>
<Position>0 0 0</Position>
<Axis>0 1 0</Axis>
</ConstraintGeometry>
</Distance>
<Distance name="Distance2">
<ConstraintGeometry geomType="plane">
<InstancePath>
<Uid>Innova Crysta Assembly Final-1</Uid>
<Uid>Innova Crysta Tire Design Attempt 2-1</Uid>
</InstancePath>
<Position>0 0 0</Position>
<Axis>0 1 0</Axis>
</ConstraintGeometry>
<ConstraintGeometry geomType="plane">
<InstancePath>
<Uid>Steering (2)</Uid>
</InstancePath>
<Position>0 0 0</Position>
<Axis>1 0 0</Axis>
</ConstraintGeometry>
</Distance>
<Parallel name="Parallel14">
<ConstraintGeometry geomType="plane">
<InstancePath>
<Uid>Innova Crysta Assembly Final-1</Uid>
<Uid>Innova Crysta Tire Design Attempt 2-1</Uid>
</InstancePath>
<Position>0 0 0</Position>
<Axis>0 0 1</Axis>
</ConstraintGeometry>
<ConstraintGeometry geomType="plane">
<InstancePath>
<Uid>Steering (2)</Uid>
</InstancePath>
<Position>0 0 0</Position>
<Axis>0 0 1</Axis>
</ConstraintGeometry>
</Parallel>
<Parallel name="Parallel16">
<ConstraintGeometry geomType="plane">
<InstancePath>
<Uid>Innova Crysta Assembly Final-1</Uid>
</InstancePath>
<Position>0 0 0</Position>
<Axis>0 0 1</Axis>
</ConstraintGeometry>
<ConstraintGeometry geomType="plane">
<InstancePath>
<Uid>Innova Crysta Assembly Final-3</Uid>
<Uid>Innova Crysta Tire Design Attempt 2-1</Uid>
</InstancePath>
<Position>0 0 0</Position>
<Axis>0 0 0.99999999999999989</Axis>
</ConstraintGeometry>
</Parallel>
<Coincident name="Coincident73">
<ConstraintGeometry geomType="plane">
<InstancePath>
<Uid>Innova Crysta Assembly Final-1</Uid>
<Uid>Innova Crysta Tire Design Attempt 2-1</Uid>
</InstancePath>
<Position>0 0 0</Position>
<Axis>0 1 0</Axis>
</ConstraintGeometry>
<ConstraintGeometry geomType="plane">
<InstancePath>
<Uid>Innova Crysta Assembly Final-3</Uid>
<Uid>Innova Crysta Tire Design Attempt 2-1</Uid>
</InstancePath>
<Position>0 0 0</Position>
<Axis>0 0.99999999999999989 0</Axis>
</ConstraintGeometry>
</Coincident>
<Coincident name="Coincident74">
<ConstraintGeometry geomType="plane">
<InstancePath>
<Uid>Innova Crysta Assembly Final-1</Uid>
<Uid>Innova Crysta Tire Design Attempt 2-1</Uid>
</InstancePath>
<Position>0 0 0</Position>
<Axis>1 0 0</Axis>
</ConstraintGeometry>
<ConstraintGeometry geomType="plane">
<InstancePath>
<Uid>Innova Crysta Assembly Final-3</Uid>
<Uid>Innova Crysta Tire Design Attempt 2-1</Uid>
</InstancePath>
<Position>0 0 0</Position>
<Axis>1 0 0</Axis>
</ConstraintGeometry>
</Coincident>
<Concentric name="Concentric39">
<ConstraintGeometry geomType="cone">
<InstancePath>
<Uid>Tie Rod End Shaft-2</Uid>
</InstancePath>
<Position>0 0 0</Position>
<Axis>0 0.99999999999999989 0</Axis>
</ConstraintGeometry>
<ConstraintGeometry geomType="cylinder">
<InstancePath>
<Uid>Innova Crysta Assembly Final-3</Uid>
<Uid>Innova Crysta Rim Design attempt 1-1</Uid>
</InstancePath>
<Position>-0.20124298476593527 6.4457076536655888e-07 -6.9741259922651011e-07</Position>
<Axis>0.99999999999999989 0 0</Axis>
</ConstraintGeometry>
</Concentric>
<Coincident name="Coincident75">
<ConstraintGeometry geomType="plane">
<InstancePath>
<Uid>Tie Rod End Shaft-2</Uid>
</InstancePath>
<Position>0 0.10033000000000003 0</Position>
<Axis>0 0.99999999999999989 0</Axis>
</ConstraintGeometry>
<ConstraintGeometry geomType="plane">
<InstancePath>
<Uid>Innova Crysta Assembly Final-3</Uid>
<Uid>Innova Crysta Rim Design attempt 1-1</Uid>
</InstancePath>
<Position>0.001125015234064719 -0.060959355429234641 -6.9741259922651011e-07</Position>
<Axis>-0.99999999999999989 0 0</Axis>
</ConstraintGeometry>
</Coincident>
<Perpendicular name="Perpendicular4">
<ConstraintGeometry geomType="plane">
<InstancePath>
<Uid>Innova Crysta Assembly Final-1</Uid>
</InstancePath>
<Position>0 0 0</Position>
<Axis>1 0 0</Axis>
</ConstraintGeometry>
<ConstraintGeometry geomType="plane">
<InstancePath>
<Uid>Steering (2)</Uid>
</InstancePath>
<Position>0.12924999999464928 1.4077257001786242e-12 0</Position>
<Axis>-1 -1.0891494779395756e-11 0</Axis>
</ConstraintGeometry>
</Perpendicular>
</Constraints>
</RootAssembly>
<Assemblies>
<Assembly name="Innova Crysta Assembly Final" uid="Innova Crysta Assembly Final" version="116">
<ModelUnits mass="kilogram" length="millimeter"/>
<AssemblyFile name="Innova Crysta Assembly Final.SLDASM" type="SolidWorks Assembly"/>
</Assembly>
</Assemblies>
<Parts>
<Part name="Innova Crysta Rim Design attempt 1" uid="Innova Crysta Rim Design attempt 1*:*Default" version="229">
<ModelUnits mass="kilogram" length="millimeter"/>
<PartFile name="Innova Crysta Rim Design attempt 1.SLDPRT" type="SolidWorks Part"/>
<MassProperties>
<Mass>1.7858902143837569</Mass>
<CenterOfMass>0.0056250654421625967 3.2228547165519671e-06 -3.4245208394710163e-06</CenterOfMass>
<Inertia>0.019060832105913448 0.0098761397098388101 0.0098757563490416388 1.5878345666006973e-07 4.2393427043312595e-08 -6.0260665420568735e-08</Inertia>
</MassProperties>
<GeometryFile name="Innova Crysta Rim Design attempt 1_Default_sldprt.STEP" type="STEP"/>
<VisualProperties>
<Ambient r="0.792156862745098" g="0.81960784313725488" b="0.93333333333333335" a="1"/>
<Diffuse r="0.792156862745098" g="0.81960784313725488" b="0.93333333333333335" a="1"/>
<Specular r="0.396078431372549" g="0.40980392156862744" b="0.46666666666666667" a="1"/>
<Emissive r="0" g="0" b="0" a="1"/>
<Shininess>0.3125</Shininess>
</VisualProperties>
</Part>
<Part name="Innova Crysta Tire Design Attempt 2" uid="Innova Crysta Tire Design Attempt 2*:*Default" version="439">
<ModelUnits mass="kilogram" length="millimeter"/>
<PartFile name="Innova Crysta Tire Design Attempt 2.SLDPRT" type="SolidWorks Part"/>
<MassProperties>
<Mass>6.9469016974526845</Mass>
<CenterOfMass>-2.9215565104389118e-06 0.22075000001328299 -0.082074152853893245</CenterOfMass>
<Inertia>0.19532090348102607 0.19532090340282821 0.35284511530855478 1.2332926172802807e-11 6.9608621475369485e-07 4.9663823541885718e-11</Inertia>
</MassProperties>
<GeometryFile name="Innova Crysta Tire Design Attempt 2_Default_sldprt.STEP" type="STEP"/>
<VisualProperties>
<Ambient r="0.7803921568627451" g="0.76078431372549016" b="0.74117647058823533" a="1"/>
<Diffuse r="0.7803921568627451" g="0.76078431372549016" b="0.74117647058823533" a="1"/>
<Specular r="0.62431372549019615" g="0.60862745098039217" b="0.5929411764705883" a="1"/>
<Emissive r="0" g="0" b="0" a="1"/>
<Shininess>0.3125</Shininess>
</VisualProperties>
</Part>
<Part name="Rack Rods" uid="Rack Rods*:*Default" version="365">
<ModelUnits mass="kilogram" length="millimeter"/>
<PartFile name="Rack Rods.SLDPRT" type="SolidWorks Part"/>
<MassProperties>
<Mass>0.11283553614143338</Mass>
<CenterOfMass>0.073167053364269138 0 0</CenterOfMass>
<Inertia>5.1953434010271714e-05 0.00018914501075759216 0.00018914501075759218 0 0 0</Inertia>
</MassProperties>
<GeometryFile name="Rack Rods_Default_sldprt.STEP" type="STEP"/>
<VisualProperties>
<Ambient r="1" g="1" b="1" a="1"/>
<Diffuse r="1" g="1" b="1" a="1"/>
<Specular r="0.5" g="0.5" b="0.5" a="1"/>
<Emissive r="0" g="0" b="0" a="1"/>
<Shininess>0.3125</Shininess>
</VisualProperties>
</Part>
<Part name="Rack" uid="Rack*:*Default" version="157">
<ModelUnits mass="kilogram" length="millimeter"/>
<PartFile name="Rack.SLDPRT" type="SolidWorks Part"/>
<MassProperties>
<Mass>0.43070714770164858</Mass>
<CenterOfMass>0 -0.0071454414052185286 0.30031159667658086</CenterOfMass>
<Inertia>0.012937214027485227 0.012965985882269245 6.0950592585164259e-05 -1.2649210736271308e-06 2.4399631112414455e-13 0</Inertia>
</MassProperties>
<GeometryFile name="Rack_Default_sldprt.STEP" type="STEP"/>
<VisualProperties>
<Ambient r="0.792156862745098" g="0.81960784313725488" b="0.93333333333333335" a="1"/>
<Diffuse r="0.792156862745098" g="0.81960784313725488" b="0.93333333333333335" a="1"/>
<Specular r="0.396078431372549" g="0.40980392156862744" b="0.46666666666666667" a="1"/>
<Emissive r="0" g="0" b="0" a="1"/>
<Shininess>0.3125</Shininess>
</VisualProperties>
</Part>
<Part name="Tie Rod End Housing" uid="Tie Rod End Housing*:*Default" version="213">
<ModelUnits mass="kilogram" length="millimeter"/>
<PartFile name="Tie Rod End Housing.SLDPRT" type="SolidWorks Part"/>
<MassProperties>
<Mass>0.41404382559896308</Mass>
<CenterOfMass>0.016474673589264986 -6.841957944190616e-10 -0.00090059660670481349</CenterOfMass>
<Inertia>0.00036037346469165369 0.00086899543625876057 0.0010458661047422894 -3.1251096571631642e-11 -6.2938711464791167e-06 -2.6775077178363201e-12</Inertia>
</MassProperties>
<GeometryFile name="Tie Rod End Housing_Default_sldprt.STEP" type="STEP"/>
<VisualProperties>
<Ambient r="0.84313725490196079" g="0.81568627450980391" b="0.75294117647058822" a="1"/>
<Diffuse r="0.84313725490196079" g="0.81568627450980391" b="0.75294117647058822" a="1"/>
<Specular r="0.42156862745098039" g="0.40784313725490196" b="0.37647058823529411" a="1"/>
<Emissive r="0" g="0" b="0" a="1"/>
<Shininess>0.3125</Shininess>
</VisualProperties>
</Part>
<Part name="Tie Rod End Shaft" uid="Tie Rod End Shaft*:*Default" version="425">
<ModelUnits mass="kilogram" length="millimeter"/>
<PartFile name="Tie Rod End Shaft.SLDPRT" type="SolidWorks Part"/>
<MassProperties>
<Mass>0.10844794772779688</Mass>
<CenterOfMass>-6.0830140104754526e-09 0.021443223377965986 9.4524665895064225e-07</CenterOfMass>
<Inertia>0.00012448382131969291 2.1123618050783977e-05 0.00012448396523956749 -4.0306295090388209e-09 -1.3236290576301038e-10 4.4321246716577084e-10</Inertia>
</MassProperties>
<GeometryFile name="Tie Rod End Shaft_Default_sldprt.STEP" type="STEP"/>
<VisualProperties>
<Ambient r="0.84313725490196079" g="0.81568627450980391" b="0.75294117647058822" a="1"/>
<Diffuse r="0.84313725490196079" g="0.81568627450980391" b="0.75294117647058822" a="1"/>
<Specular r="0.42156862745098039" g="0.40784313725490196" b="0.37647058823529411" a="1"/>
<Emissive r="0" g="0" b="0" a="1"/>
<Shininess>0.3125</Shininess>
</VisualProperties>
</Part>
<Part name="Tie rod" uid="Tie rod*:*Default" version="241">
<ModelUnits mass="kilogram" length="millimeter"/>
<PartFile name="Tie rod.SLDPRT" type="SolidWorks Part"/>
<MassProperties>
<Mass>0.10569611606969952</Mass>
<CenterOfMass>0.050158188984262921 0 0</CenterOfMass>
<Inertia>1.2781128005694764e-05 0.00020884656324514508 0.00020884656324514508 0 0 0</Inertia>
</MassProperties>
<GeometryFile name="Tie rod_Default_sldprt.STEP" type="STEP"/>
<VisualProperties>
<Ambient r="0.10196078431372549" g="0.10196078431372549" b="0.10196078431372549" a="1"/>
<Diffuse r="0.10196078431372549" g="0.10196078431372549" b="0.10196078431372549" a="1"/>
<Specular r="0.040784313725490198" g="0.040784313725490198" b="0.040784313725490198" a="1"/>
<Emissive r="0" g="0" b="0" a="1"/>
<Shininess>0.3125</Shininess>
</VisualProperties>
</Part>
<Part name="extention rod" uid="extention rod*:*Default" version="122">
<ModelUnits mass="kilogram" length="millimeter"/>
<PartFile name="extention rod.SLDPRT" type="SolidWorks Part"/>
<MassProperties>
<Mass>0.16336281798666927</Mass>
<CenterOfMass>0 0 0.065000000000000002</CenterOfMass>
<Inertia>0.00024640558379655949 0.00024640558379655949 3.2672563597333857e-05 0 0 0</Inertia>
</MassProperties>
<GeometryFile name="extention rod_Default_sldprt.STEP" type="STEP"/>
<VisualProperties>
<Ambient r="0.792156862745098" g="0.81960784313725488" b="0.93333333333333335" a="1"/>
<Diffuse r="0.792156862745098" g="0.81960784313725488" b="0.93333333333333335" a="1"/>
<Specular r="0.396078431372549" g="0.40980392156862744" b="0.46666666666666667" a="1"/>
<Emissive r="0" g="0" b="0" a="1"/>
<Shininess>0.3125</Shininess>
</VisualProperties>
</Part>
</Parts>
</SimscapeMultibodyImportXML>
