Js=0.0012;
Bs=0.26;
Br=653.203;
ks=115;
kr=91061.4;
%km=125;
km=0;
%im=7.225;
im=0;
rp=0.007783;
m=32;